98
99
197
198
296
297
395
396
494
495
593
594
692
693
791
792
890
891
989
990
1088
1089
1187
1188
1286
1287
1385
1386
1484
1485
1583
1584
1682
1683
1781
1782
1880
1881
1979
1980
2078
2079
2177
2178
2276
2277
2375
2376
2474
2475
2573
2574
2672
2673
2771
2772
2870
2871
2969
2970
3068
3069
3167
3168
3266
3267
3365
3366
3464
3465
3563
3564
3662
3663
3761
3762
3860
3861
3959
3960
4058
4059
4157
4158
4256
4257
4355
4356
4454
4455
4553
4554
4652
4653
4751
4752
4850
4851
4949
4950
5048
5049
5147
5148
5246
5247
5345
5346
5444
5445
5543
5544
5642
5643
5741
5742
5840
5841
5939
5940
6038
6039
6137
6138
6236
6237
6335
6336
6434
6435
6533
6534
6632
6633
6731
6732
6830
6831
6929
6930
7028
7029
7127
7128
7226
7227
7325
7326
7424
7425
7523
7524
7622
7623
7721
7722
7820
7821
7919
7920
8018
8019
8117
8118
8216
8217
8315
8316
8414
8415
8513
8514
8612
8613
8711
8712
8810
8811
8909
8910
9008
9009
9107
9108
9206
9207
9305
9306
9404
9405
9503
9504
9602
9603
9701
9702
9800
9801
9899
9900
9998
9999
10097
10098
10196
10197
10295
10296
10394
10395
10493
10494
10592
10593
10691
10692
10790
10791
10889
10890
10988
10989
11087
11088
11186
11187
11285
11286
11384
11385
11483
11484
11582
11583
11681
11682
11780
11781
11879
11880
11978
11979
12077
12078
12176
12177
12275
12276
12374
12375
12473
12474
12572
12573
12671
12672
12770
12771
12869
12870
12968
12969
13067
13068
13166
13167
13265
13266
13364
13365
13463
13464
13562
13563
13661
13662
13760
13761
13859
13860
13958
13959
14057
14058
14156
14157
14255
14256
14354
14355
14453
14454
14552
14553
14651
14652
14750
14751
14849
14850
14948
14949
15047
15048
15146
15147
15245
15246
15344
15345
15443
15444
15542
15543
15641
15642
15740
15741
15839
15840
15938
15939
16037
16038
16136
16137
16235
16236
16334
16335
16433
16434
16532
16533
16631
16632
16730
16731
16829
16830
16928
16929
17027
17028
17126
17127
17225
17226
17324
17325
17423
17424
17522
17523
17621
17622
17720
17721
17819
17820
17918
17919
18017
18018
18116
18117
18215
18216
18314
18315
18413
18414
18512
18513
18611
18612
18710
18711
18809
18810
18908
18909
19007
19008
19106
19107
19205
19206
19304
19305
19403
19404
19502
19503
19601
19602
19700
19701
19799
19800
19898
19899
19997
19998
20096
20097
20195
20196
20294
20295
20393
20394
20492
20493
20591
20592
20690
20691
20789
20790
20888
20889
20987
20988
21086
21087
21185
21186
21284
21285
21383
21384
21482
21483
21581
21582
21680
21681
21779
21780
21878
21879
21977
21978
22076
22077
22175
22176
22274
22275
22373
22374
22472
22473
22571
22572
22670
22671
22769
22770
22868
22869
22967
22968
23066
23067
23165
23166
23264
23265
23363
23364
23462
23463
23561
23562
23660
23661
23759
23760
23858
23859
23957
23958
24056
24057
24155
24156
24254
24255
24353
24354
24452
24453
24551
24552
24650
24651
24749
24750
24848
24849
24947
24948
25046
25047
25145
25146
25244
25245
25343
25344
25442
25443
25541
25542
25640
25641
25739
25740
25838
25839
25937
25938
26036
26037
26135
26136
26234
26235
26333
26334
26432
26433
26531
26532
26630
26631
26729
26730
26828
26829
26927
26928
27026
27027
27125
27126
27224
27225
27323
27324
27422
27423
27521
27522
27620
27621
27719
27720
27818
27819
27917
27918
28016
28017
28115
28116
28214
28215
28313
28314
28412
28413
28511
28512
28610
28611
28709
28710
28808
28809
28907
28908
29006
29007
29105
29106
29204
29205
29303
29304
29402
29403
29501
29502
29600
29601
29699
29700
29798
29799
29897
29898
29996
29997
30095
30096
30194
30195
30293
30294
30392
30393
30491
30492
30590
30591
30689
30690
30788
30789
30887
30888
30986
30987
31085
31086
31184
31185
31283
31284
31382
31383
31481
31482
31580
31581
31679
31680
31778
31779
31877
31878
31976
31977
32075
32076
32174
32175
32273
32274
32372
32373
32471
32472
32570
32571
32669
32670
32768
32769
32867
32868
32966
32967
33065
33066
33164
33165
33263
33264
33362
33363
33461
33462
33560
33561
33659
33660
33758
33759
33857
33858
33956
33957
34055
34056
34154
34155
34253
34254
34352
34353
34451
34452
34550
34551
34649
34650
34748
34749
34847
34848
34946
34947
35045
35046
35144
35145
35243
35244
35342
35343
35441
35442
35540
35541
35639
35640
35738
35739
35837
35838
35936
35937
36035
36036
36134
36135
36233
36234
36332
36333
36431
36432
36530
36531
36629
36630
36728
36729
36827
36828
36926
36927
37025
37026
37124
37125
37223
37224
37322
37323
37421
37422
37520
37521
37619
37620
37718
37719
37817
37818
37916
37917
38015
38016
38114
38115
38213
38214
38312
38313
38411
38412
38510
38511
38609
38610
38708
38709
38807
38808
38906
38907
39005
39006
39104
39105
39203
39204
39302
39303
39401
39402
39500
39501
39599
39600
39698
39699
39797
39798
39896
39897
39995
39996
40094
40095
40193
40194
40292
40293
40391
40392
40490
40491
40589
40590
40688
40689
40787
40788
40886
40887
40985
40986
41084
41085
41183
41184
41282
41283
41381
41382
41480
41481
41579
41580
41678
41679
41777
41778
41876
41877
41975
41976
42074
42075
42173
42174
42272
42273
42371
42372
42470
42471
42569
42570
42668
42669
42767
42768
42866
42867
42965
42966
43064
43065
43163
43164
43262
43263
43361
43362
43460
43461
43559
43560
43658
43659
43757
43758
43856
43857
43955
43956
44054
44055
44153
44154
44252
44253
44351
44352
44450
44451
44549
44550
44648
44649
44747
44748
44846
44847
44945
44946
45044
45045
45143
45144
45242
45243
45341
45342
45440
45441
45539
45540
45638
45639
45737
45738
45836
45837
45935
45936
46034
46035
46133
46134
46232
46233
46331
46332
46430
46431
46529
46530
46628
46629
46727
46728
46826
46827
46925
46926
47024
47025
47123
47124
47222
47223
47321
47322
47420
47421
47519
47520
47618
47619
47717
47718
47816
47817
47915
47916
48014
48015
48113
48114
48212
48213
48311
48312
48410
48411
48509
48510
48608
48609
48707
48708
48806
48807
48905
48906
49004
49005
49103
49104
49202
49203
49301
49302
49400
49401
49499
49500
49598
49599
49697
49698
49796
49797
49895
49896
49994
49995
50093
50094
50192
50193
50291
50292
50390
50391
50489
50490
50588
50589
50687
50688
50786
50787
50885
50886
50984
50985
51083
51084
51182
51183
51281
51282
51380
51381
51479
51480
51578
51579
51677
51678
51776
51777
51875
51876
51974
51975
52073
52074
52172
52173
52271
52272
52370
52371
52469
52470
52568
52569
52667
52668
52766
52767
52865
52866
52964
52965
53063
53064
53162
53163
53261
53262
53360
53361
53459
53460
53558
53559
53657
53658
53756
53757
53855
53856
53954
53955
54053
54054
54152
54153
54251
54252
54350
54351
54449
54450
54548
54549
54647
54648
54746
54747
54845
54846
54944
54945
55043
55044
55142
55143
55241
55242
55340
55341
55439
55440
55538
55539
55637
55638
55736
55737
55835
55836
55934
55935
56033
56034
56132
56133
56231
56232
56330
56331
56429
56430
56528
56529
56627
56628
56726
56727
56825
56826
56924
56925
57023
57024
57122
57123
57221
57222
57320
57321
57419
57420
57518
57519
57617
57618
57716
57717
57815
57816
57914
57915
58013
58014
58112
58113
58211
58212
58310
58311
58409
58410
58508
58509
58607
58608
58706
58707
58805
58806
58904
58905
59003
59004
59102
59103
59201
59202
59300
59301
59399
59400
59498
59499
59597
59598
59696
59697
59795
59796
59894
59895
59993
59994
60092
60093
60191
60192
60290
60291
60389
60390
60488
60489
60587
60588
60686
60687
60785
60786
60884
60885
60983
60984
61082
61083
61181
61182
61280
61281
61379
61380
61478
61479
61577
61578
61676
61677
61775
61776
61874
61875
61973
61974
62072
62073
62171
62172
62270
62271
62369
62370
62468
62469
62567
62568
62666
62667
62765
62766
62864
62865
62963
62964
63062
63063
63161
63162
63260
63261
63359
63360
63458
63459
63557
63558
63656
63657
63755
63756
63854
63855
63953
63954
64052
64053
64151
64152
64250
64251
64349
64350
64448
64449
64547
64548
64646
64647
64745
64746
64844
64845
64943
64944
65042
65043
65141
65142
65240
65241
65339
65340
65438
65439
65537
65538
65636
65637
65735
65736
65834
65835
65933
65934
66032
66033
66131
66132
66230
66231
66329
66330
66428
66429
66527
66528
66626
66627
66725
66726
66824
66825
66923
66924
67022
67023
67121
67122
67220
67221
67319
67320
67418
67419
67517
67518
67616
67617
67715
67716
67814
67815
67913
67914
68012
68013
68111
68112
68210
68211
68309
68310
68408
68409
68507
68508
68606
68607
68705
68706
68804
68805
68903
68904
69002
69003
69101
69102
69200
69201
69299
69300
69398
69399
69497
69498
69596
69597
69695
69696
69794
69795
69893
69894
69992
69993
70091
70092
70190
70191
70289
70290
70388
70389
70487
70488
70586
70587
70685
70686
70784
70785
70883
70884
70982
70983
71081
71082
71180
71181
71279
71280
71378
71379
71477
71478
71576
71577
71675
71676
71774
71775
71873
71874
71972
71973
72071
72072
72170
72171
72269
72270
72368
72369
72467
72468
72566
72567
72665
72666
72764
72765
72863
72864
72962
72963
73061
73062
73160
73161
73259
73260
73358
73359
73457
73458
73556
73557
73655
73656
73754
73755
73853
73854
73952
73953
74051
74052
74150
74151
74249
74250
74348
74349
74447
74448
74546
74547
74645
74646
74744
74745
74843
74844
74942
74943
75041
75042
75140
75141
75239
75240
75338
75339
75437
75438
75536
75537
75635
75636
75734
75735
75833
75834
75932
75933
76031
76032
76130
76131
76229
76230
76328
76329
76427
76428
76526
76527
76625
76626
76724
76725
76823
76824
76922
76923
77021
77022
77120
77121
77219
77220
77318
77319
77417
77418
77516
77517
77615
77616
77714
77715
77813
77814
77912
77913
78011
78012
78110
78111
78209
78210
78308
78309
78407
78408
78506
78507
78605
78606
78704
78705
78803
78804
78902
78903
79001
79002
79100
79101
79199
79200
79298
79299
79397
79398
79496
79497
79595
79596
79694
79695
79793
79794
79892
79893
79991
79992
80090
80091
80189
80190
80288
80289
80387
80388
80486
80487
80585
80586
80684
80685
80783
80784
80882
80883
80981
80982
81080
81081
81179
81180
81278
81279
81377
81378
81476
81477
81575
81576
81674
81675
81773
81774
81872
81873
81971
81972
82070
82071
82169
82170
82268
82269
82367
82368
82466
82467
82565
82566
82664
82665
82763
82764
82862
82863
82961
82962
83060
83061
83159
83160
83258
83259
83357
83358
83456
83457
83555
83556
83654
83655
83753
83754
83852
83853
83951
83952
84050
84051
84149
84150
84248
84249
84347
84348
84446
84447
84545
84546
84644
84645
84743
84744
84842
84843
84941
84942
85040
85041
85139
85140
85238
85239
85337
85338
85436
85437
85535
85536
85634
85635
85733
85734
85832
85833
85931
85932
86030
86031
86129
86130
86228
86229
86327
86328
86426
86427
86525
86526
86624
86625
86723
86724
86822
86823
86921
86922
87020
87021
87119
87120
87218
87219
87317
87318
87416
87417
87515
87516
87614
87615
87713
87714
87812
87813
87911
87912
88010
88011
88109
88110
88208
88209
88307
88308
88406
88407
88505
88506
88604
88605
88703
88704
88802
88803
88901
88902
89000
89001
89099
89100
89198
89199
89297
89298
89396
89397
89495
89496
89594
89595
89693
89694
89792
89793
89891
89892
89990
89991
90089
90090
90188
90189
90287
90288
90386
90387
90485
90486
90584
90585
90683
90684
90782
90783
90881
90882
90980
90981
91079
91080
91178
91179
91277
91278
91376
91377
91475
91476
91574
91575
91673
91674
91772
91773
91871
91872
91970
91971
92069
92070
92168
92169
92267
92268
92366
92367
92465
92466
92564
92565
92663
92664
92762
92763
92861
92862
92960
92961
93059
93060
93158
93159
93257
93258
93356
93357
93455
93456
93554
93555
93653
93654
93752
93753
93851
93852
93950
93951
94049
94050
94148
94149
94247
94248
94346
94347
94445
94446
94544
94545
94643
94644
94742
94743
94841
94842
94940
94941
95039
95040
95138
95139
95237
95238
95336
95337
95435
95436
95534
95535
95633
95634
95732
95733
95831
95832
95930
95931
96029
96030
96128
96129
96227
96228
96326
96327
96425
96426
96524
96525
96623
96624
96722
96723
96821
96822
96920
96921
97019
97020
97118
97119
97217
97218
97316
97317
97415
97416
97514
97515
97613
97614
97712
97713
97811
97812
97910
97911
98009
98010
98108
98109
98207
98208
98306
98307
98405
98406
98504
98505
98603
98604
98702
98703
98801
98802
98900
98901
98999
99000
99098
99099
99197
99198
99296
99297
99395
99396
99494
99495
99593
99594
99692
99693
99791
99792
99890
99891
99989
99990
100088
100089
100187
100188
100286
100287
100385
100386
100484
100485
100583
100584
100682
100683
100781
100782
100880
100881
100979
100980
101078
101079
101177
101178
101276
101277
101375
101376
101474
101475
101573
101574
101672
101673
101771
101772
101870
101871
101969
101970
102068
102069
102167
102168
102266
102267
102365
102366
102464
102465
102563
102564
102662
102663
102761
102762
102860
102861
102959
102960
103058
103059
103157
103158
103256
103257
103355
103356
103454
103455
103553
103554
103652
103653
103751
103752
103850
103851
103949
103950
104048
104049
104147
104148
104246
104247
104345
104346
104444
104445
104543
104544
104642
104643
104741
104742
104840
104841
104939
104940
105038
105039
105137
105138
105236
105237
105335
105336
105434
105435
105533
105534
105632
105633
105731
105732
105830
105831
105929
105930
106028
106029
106127
106128
106226
106227
106325
106326
106424
106425
106523
106524
106622
106623
106721
106722
106820
106821
106919
106920
107018
107019
107117
107118
107216
107217
107315
107316
107414
107415
107513
107514
107612
107613
107711
107712
107810
107811
107909
107910
108008
108009
108107
108108
108206
108207
108305
108306
108404
108405
108503
108504
108602
108603
108701
108702
108800
108801
108899
108900
108998
108999
109097
109098
109196
109197
109295
109296
109394
109395
109493
109494
109592
109593
109691
109692
109790
109791
109889
109890
109988
109989
110087
110088
110186
110187
110285
110286
110384
110385
110483
110484
110582
110583
110681
110682
110780
110781
110879
110880
110978
110979
111077
111078
111176
111177
111275
111276
111374
111375
111473
111474
111572
111573
111671
111672
111770
111771
111869
111870
111968
111969
112067
112068
112166
112167
112265
112266
112364
112365
112463
112464
112562
112563
112661
112662
112760
112761
112859
112860
112958
112959
113057
113058
113156
113157
113255
113256
113354
113355
113453
113454
113552
113553
113651
113652
113750
113751
113849
113850
113948
113949
114047
114048
114146
114147
114245
114246
114344
114345
114443
114444
114542
114543
114641
114642
114740
114741
114839
114840
114938
114939
115037
115038
115136
115137
115235
115236
115334
115335
115433
115434
115532
115533
115631
115632
115730
115731
115829
115830
115928
115929
116027
116028
116126
116127
116225
116226
116324
116325
116423
116424
116522
116523
116621
116622
116720
116721
116819
116820
116918
116919
117017
117018
117116
117117
117215
117216
117314
117315
117413
117414
117512
117513
117611
117612
117710
117711
117809
117810
117908
117909
118007
118008
118106
118107
118205
118206
118304
118305
118403
118404
118502
118503
118601
118602
118700
118701
118799
118800
118898
118899
118997
118998
119096
119097
119195
119196
119294
119295
119393
119394
119492
119493
119591
119592
119690
119691
119789
119790
119888
119889
119987
119988
120086
120087
120185
120186
120284
120285
120383
120384
120482
120483
120581
120582
120680
120681
120779
120780
120878
120879
120977
120978
121076
121077
121175
121176
121274
121275
121373
121374
121472
121473
121571
121572
121670
121671
121769
121770
121868
121869
121967
121968
122066
122067
122165
122166
122264
122265
122363
122364
122462
122463
122561
122562
122660
122661
122759
122760
122858
122859
122957
122958
123056
123057
123155
123156
123254
123255
123353
123354
123452
123453
123551
123552
123650
123651
123749
123750
123848
123849
123947
123948
124046
124047
124145
124146
124244
124245
124343
124344
124442
124443
124541
124542
124640
124641
124739
124740
124838
124839
124937
124938
125036
125037
125135
125136
125234
125235
125333
125334
125432
125433
125531
125532
125630
125631
125729
125730
125828
125829
125927
125928
126026
126027
126125
126126
126224
126225
126323
126324
126422
126423
126521
126522
126620
126621
126719
126720
126818
126819
126917
126918
127016
127017
127115
127116
127214
127215
127313
127314
127412
127413
