46
47
48
49
50
145
146
147
148
149
244
245
246
247
248
343
344
345
346
347
442
443
444
445
446
541
542
543
544
545
640
641
642
643
644
739
740
741
742
743
838
839
840
841
842
937
938
939
940
941
1036
1037
1038
1039
1040
1135
1136
1137
1138
1139
1234
1235
1236
1237
1238
1333
1334
1335
1336
1337
1432
1433
1434
1435
1436
1531
1532
1533
1534
1535
1630
1631
1632
1633
1634
1729
1730
1731
1732
1733
1828
1829
1830
1831
1832
1927
1928
1929
1930
1931
2026
2027
2028
2029
2030
2125
2126
2127
2128
2129
2224
2225
2226
2227
2228
2323
2324
2325
2326
2327
2422
2423
2424
2425
2426
2521
2522
2523
2524
2525
2620
2621
2622
2623
2624
2719
2720
2721
2722
2723
2818
2819
2820
2821
2822
2917
2918
2919
2920
2921
9847
9848
9849
9850
9851
9946
9947
9948
9949
9950
10045
10046
10047
10048
10049
10144
10145
10146
10147
10148
10243
10244
10245
10246
10247
10342
10343
10344
10345
10346
10441
10442
10443
10444
10445
10540
10541
10542
10543
10544
10639
10640
10641
10642
10643
10738
10739
10740
10741
10742
10837
10838
10839
10840
10841
10936
10937
10938
10939
10940
11035
11036
11037
11038
11039
11134
11135
11136
11137
11138
11233
11234
11235
11236
11237
11332
11333
11334
11335
11336
11431
11432
11433
11434
11435
11530
11531
11532
11533
11534
11629
11630
11631
11632
11633
11728
11729
11730
11731
11732
11827
11828
11829
11830
11831
11926
11927
11928
11929
11930
12025
12026
12027
12028
12029
12124
12125
12126
12127
12128
12223
12224
12225
12226
12227
12322
12323
12324
12325
12326
12421
12422
12423
12424
12425
12520
12521
12522
12523
12524
12619
12620
12621
12622
12623
12718
12719
12720
12721
12722
19648
19649
19650
19651
19652
19747
19748
19749
19750
19751
19846
19847
19848
19849
19850
19945
19946
19947
19948
19949
20044
20045
20046
20047
20048
20143
20144
20145
20146
20147
20242
20243
20244
20245
20246
20341
20342
20343
20344
20345
20440
20441
20442
20443
20444
20539
20540
20541
20542
20543
20638
20639
20640
20641
20642
20737
20738
20739
20740
20741
20836
20837
20838
20839
20840
20935
20936
20937
20938
20939
21034
21035
21036
21037
21038
21133
21134
21135
21136
21137
21232
21233
21234
21235
21236
21331
21332
21333
21334
21335
21430
21431
21432
21433
21434
21529
21530
21531
21532
21533
21628
21629
21630
21631
21632
21727
21728
21729
21730
21731
21826
21827
21828
21829
21830
21925
21926
21927
21928
21929
22024
22025
22026
22027
22028
22123
22124
22125
22126
22127
22222
22223
22224
22225
22226
22321
22322
22323
22324
22325
22420
22421
22422
22423
22424
22519
22520
22521
22522
22523
29449
29450
29451
29452
29453
29548
29549
29550
29551
29552
29647
29648
29649
29650
29651
29746
29747
29748
29749
29750
29845
29846
29847
29848
29849
29944
29945
29946
29947
29948
30043
30044
30045
30046
30047
30142
30143
30144
30145
30146
30241
30242
30243
30244
30245
30340
30341
30342
30343
30344
30439
30440
30441
30442
30443
30538
30539
30540
30541
30542
30637
30638
30639
30640
30641
30736
30737
30738
30739
30740
30835
30836
30837
30838
30839
30934
30935
30936
30937
30938
31033
31034
31035
31036
31037
31132
31133
31134
31135
31136
31231
31232
31233
31234
31235
31330
31331
31332
31333
31334
31429
31430
31431
31432
31433
31528
31529
31530
31531
31532
31627
31628
31629
31630
31631
31726
31727
31728
31729
31730
31825
31826
31827
31828
31829
31924
31925
31926
31927
31928
32023
32024
32025
32026
32027
32122
32123
32124
32125
32126
32221
32222
32223
32224
32225
32320
32321
32322
32323
32324
39250
39251
39252
39253
39254
39349
39350
39351
39352
39353
39448
39449
39450
39451
39452
39547
39548
39549
39550
39551
39646
39647
39648
39649
39650
39745
39746
39747
39748
39749
39844
39845
39846
39847
39848
39943
39944
39945
39946
39947
40042
40043
40044
40045
40046
40141
40142
40143
40144
40145
40240
40241
40242
40243
40244
40339
40340
40341
40342
40343
40438
40439
40440
40441
40442
40537
40538
40539
40540
40541
40636
40637
40638
40639
40640
40735
40736
40737
40738
40739
40834
40835
40836
40837
40838
40933
40934
40935
40936
40937
41032
41033
41034
41035
41036
41131
41132
41133
41134
41135
41230
41231
41232
41233
41234
41329
41330
41331
41332
41333
41428
41429
41430
41431
41432
41527
41528
41529
41530
41531
41626
41627
41628
41629
41630
41725
41726
41727
41728
41729
41824
41825
41826
41827
41828
41923
41924
41925
41926
41927
42022
42023
42024
42025
42026
42121
42122
42123
42124
42125
49051
49052
49053
49054
49055
49150
49151
49152
49153
49154
49249
49250
49251
49252
49253
49348
49349
49350
49351
49352
49447
49448
49449
49450
49451
49546
49547
49548
49549
49550
49645
49646
49647
49648
49649
49744
49745
49746
49747
49748
49843
49844
49845
49846
49847
49942
49943
49944
49945
49946
50041
50042
50043
50044
50045
50140
50141
50142
50143
50144
50239
50240
50241
50242
50243
50338
50339
50340
50341
50342
50437
50438
50439
50440
50441
50536
50537
50538
50539
50540
50635
50636
50637
50638
50639
50734
50735
50736
50737
50738
50833
50834
50835
50836
50837
50932
50933
50934
50935
50936
51031
51032
51033
51034
51035
51130
51131
51132
51133
51134
51229
51230
51231
51232
51233
51328
51329
51330
51331
51332
51427
51428
51429
51430
51431
51526
51527
51528
51529
51530
51625
51626
51627
51628
51629
51724
51725
51726
51727
51728
51823
51824
51825
51826
51827
51922
51923
51924
51925
51926
58852
58853
58854
58855
58856
58951
58952
58953
58954
58955
59050
59051
59052
59053
59054
59149
59150
59151
59152
59153
59248
59249
59250
59251
59252
59347
59348
59349
59350
59351
59446
59447
59448
59449
59450
59545
59546
59547
59548
59549
59644
59645
59646
59647
59648
59743
59744
59745
59746
59747
59842
59843
59844
59845
59846
59941
59942
59943
59944
59945
60040
60041
60042
60043
60044
60139
60140
60141
60142
60143
60238
60239
60240
60241
60242
60337
60338
60339
60340
60341
60436
60437
60438
60439
60440
60535
60536
60537
60538
60539
60634
60635
60636
60637
60638
60733
60734
60735
60736
60737
60832
60833
60834
60835
60836
60931
60932
60933
60934
60935
61030
61031
61032
61033
61034
61129
61130
61131
61132
61133
61228
61229
61230
61231
61232
61327
61328
61329
61330
61331
61426
61427
61428
61429
61430
61525
61526
61527
61528
61529
61624
61625
61626
61627
61628
61723
61724
61725
61726
61727
68653
68654
68655
68656
68657
68752
68753
68754
68755
68756
68851
68852
68853
68854
68855
68950
68951
68952
68953
68954
69049
69050
69051
69052
69053
69148
69149
69150
69151
69152
69247
69248
69249
69250
69251
69346
69347
69348
69349
69350
69445
69446
69447
69448
69449
69544
69545
69546
69547
69548
69643
69644
69645
69646
69647
69742
69743
69744
69745
69746
69841
69842
69843
69844
69845
69940
69941
69942
69943
69944
70039
70040
70041
70042
70043
70138
70139
70140
70141
70142
70237
70238
70239
70240
70241
70336
70337
70338
70339
70340
70435
70436
70437
70438
70439
70534
70535
70536
70537
70538
70633
70634
70635
70636
70637
70732
70733
70734
70735
70736
70831
70832
70833
70834
70835
70930
70931
70932
70933
70934
71029
71030
71031
71032
71033
71128
71129
71130
71131
71132
71227
71228
71229
71230
71231
71326
71327
71328
71329
71330
71425
71426
71427
71428
71429
71524
71525
71526
71527
71528
78454
78455
78456
78457
78458
78553
78554
78555
78556
78557
78652
78653
78654
78655
78656
78751
78752
78753
78754
78755
78850
78851
78852
78853
78854
78949
78950
78951
78952
78953
79048
79049
79050
79051
79052
79147
79148
79149
79150
79151
79246
79247
79248
79249
79250
79345
79346
79347
79348
79349
79444
79445
79446
79447
79448
79543
79544
79545
79546
79547
79642
79643
79644
79645
79646
79741
79742
79743
79744
79745
79840
79841
79842
79843
79844
79939
79940
79941
79942
79943
80038
80039
80040
80041
80042
80137
80138
80139
80140
80141
80236
80237
80238
80239
80240
80335
80336
80337
80338
80339
80434
80435
80436
80437
80438
80533
80534
80535
80536
80537
80632
80633
80634
80635
80636
80731
80732
80733
80734
80735
80830
80831
80832
80833
80834
80929
80930
80931
80932
80933
81028
81029
81030
81031
81032
81127
81128
81129
81130
81131
81226
81227
81228
81229
81230
81325
81326
81327
81328
81329
88255
88256
88257
88258
88259
88354
88355
88356
88357
88358
88453
88454
88455
88456
88457
88552
88553
88554
88555
88556
88651
88652
88653
88654
88655
88750
88751
88752
88753
88754
88849
88850
88851
88852
88853
88948
88949
88950
88951
88952
89047
89048
89049
89050
89051
89146
89147
89148
89149
89150
89245
89246
89247
89248
89249
89344
89345
89346
89347
89348
89443
89444
89445
89446
89447
89542
89543
89544
89545
89546
89641
89642
89643
89644
89645
89740
89741
89742
89743
89744
89839
89840
89841
89842
89843
89938
89939
89940
89941
89942
90037
90038
90039
90040
90041
90136
90137
90138
90139
90140
90235
90236
90237
90238
90239
90334
90335
90336
90337
90338
90433
90434
90435
90436
90437
90532
90533
90534
90535
90536
90631
90632
90633
90634
90635
90730
90731
90732
90733
90734
90829
90830
90831
90832
90833
90928
90929
90930
90931
90932
91027
91028
91029
91030
91031
91126
91127
91128
91129
91130
98056
98057
98058
98059
98060
98155
98156
98157
98158
98159
98254
98255
98256
98257
98258
98353
98354
98355
98356
98357
98452
98453
98454
98455
98456
98551
98552
98553
98554
98555
98650
98651
98652
98653
98654
98749
98750
98751
98752
98753
98848
98849
98850
98851
98852
98947
98948
98949
98950
98951
99046
99047
99048
99049
99050
99145
99146
99147
99148
99149
99244
99245
99246
99247
99248
99343
99344
99345
99346
99347
99442
99443
99444
99445
99446
99541
99542
99543
99544
99545
99640
99641
99642
99643
99644
99739
99740
99741
99742
99743
99838
99839
99840
99841
99842
99937
99938
99939
99940
99941
100036
100037
100038
100039
100040
100135
100136
100137
100138
100139
100234
100235
100236
100237
100238
100333
100334
100335
100336
100337
100432
100433
100434
100435
100436
100531
100532
100533
100534
100535
100630
100631
100632
100633
100634
100729
100730
100731
100732
100733
100828
100829
100830
100831
100832
100927
100928
100929
100930
100931
107857
107858
107859
107860
107861
107956
107957
107958
107959
107960
108055
108056
108057
108058
108059
108154
108155
108156
108157
108158
108253
108254
108255
108256
108257
108352
108353
108354
108355
108356
108451
108452
108453
108454
108455
108550
108551
108552
108553
108554
108649
108650
108651
108652
108653
108748
108749
108750
108751
108752
108847
108848
108849
108850
108851
108946
108947
108948
108949
108950
109045
109046
109047
109048
109049
109144
109145
109146
109147
109148
109243
109244
109245
109246
109247
109342
109343
109344
109345
109346
109441
109442
109443
109444
109445
109540
109541
109542
109543
109544
109639
109640
109641
109642
109643
109738
109739
109740
109741
109742
109837
109838
109839
109840
109841
109936
109937
109938
109939
109940
110035
110036
110037
110038
110039
110134
110135
110136
110137
110138
110233
110234
110235
110236
110237
110332
110333
110334
110335
110336
110431
110432
110433
110434
110435
110530
110531
110532
110533
110534
110629
110630
110631
110632
110633
110728
110729
110730
110731
110732
117658
117659
117660
117661
117662
117757
117758
117759
117760
117761
117856
117857
117858
117859
117860
117955
117956
117957
117958
117959
118054
118055
118056
118057
118058
118153
118154
118155
118156
118157
118252
118253
118254
118255
118256
118351
118352
118353
118354
118355
118450
118451
118452
118453
118454
118549
118550
118551
118552
118553
118648
118649
118650
118651
118652
118747
118748
118749
118750
118751
118846
118847
118848
118849
118850
118945
118946
118947
118948
118949
119044
119045
119046
119047
119048
119143
119144
119145
119146
119147
119242
119243
119244
119245
119246
119341
119342
119343
119344
119345
119440
119441
119442
119443
119444
119539
119540
119541
119542
119543
119638
119639
119640
119641
119642
119737
119738
119739
119740
119741
119836
119837
119838
119839
119840
119935
119936
119937
119938
119939
120034
120035
120036
120037
120038
120133
120134
120135
120136
120137
120232
120233
120234
120235
120236
120331
120332
120333
120334
120335
120430
120431
120432
120433
120434
120529
120530
120531
120532
120533
